$ANSIBLE_VAULT;1.1;AES256
62333834343963653537363965303837363666303734303462393463383165373736343661346536
3661396436366464396538326562663964366638353938330a373163353931343361643361376531
32366439366464663334383635653161393439633238366166623532386533633830333438313262
3662313061636238300a363737303332666366323434386633666336323430313662376266326338
35646336636563366562373433613732343832623333656336323234326434363730316332393830
35333337653931356139336466376338376562306337353436666662386639646533613765373538
36303939646564633531663462303836343030353766623137326637333066666635616530306536
62663364633632323066613739656539633434366235613866656132336634633865653562313561
36396339616337323732326265633038323532623265373462633162623830633033396163613963
64643436336430353034393865666237386334353362613965383261646634323636653939336262
35383333353831633361326266643561663061303362386131396437636265633436643639373335
61393864396365633763643537383637356531616366656234323032396334353763323865643865
36646365376231633365313933623837613732376134316136643336343766656330303361313065
62336337313565376665346433373566633134303231623436613430643961383063363231366162
31653932353563643662663664383035396534636562326633623265353136373539663835396435
63336266613331353236363336343933386334346234366564633566356564373538653366323738
64346632306232323664313734383330666532303231636138663239623533646538
